acc = 0.6389891696750902
att_loss = 0.0
cls_loss = 0.3151520435907403
eval_loss = 0.6431029703882005
global_step = 49
loss = 0.3151520435907403
rep_loss = 0.0
acc = 0.6353790613718412
att_loss = 0.0
cls_loss = 0.2724312598055059
eval_loss = 0.6615673700968424
global_step = 99
loss = 0.2724312598055059
rep_loss = 0.0
acc = 0.6425992779783394
att_loss = 0.0
cls_loss = 0.27036920479602283
eval_loss = 0.6458431747224596
global_step = 149
loss = 0.27036920479602283
rep_loss = 0.0
acc = 0.6389891696750902
att_loss = 0.0
cls_loss = 0.25785474446084766
eval_loss = 0.6737357046869066
global_step = 199
loss = 0.25785474446084766
rep_loss = 0.0
