acc = 0.6209386281588448
att_loss = 0.0
cls_loss = 0.29101417145945807
eval_loss = 0.6645591259002686
global_step = 99
loss = 0.29101417145945807
rep_loss = 0.0
acc = 0.6028880866425993
att_loss = 0.0
cls_loss = 0.27310988472567665
eval_loss = 0.6928174959288703
global_step = 199
loss = 0.27310988472567665
rep_loss = 0.0
