acc = 0.4729241877256318
att_loss = 0.0
cls_loss = 0.34651535884900525
eval_loss = 0.6936345895131429
global_step = 99
loss = 0.34651535884900525
rep_loss = 0.0
acc = 0.4981949458483754
att_loss = 0.0
cls_loss = 0.3465666896767087
eval_loss = 0.6928670141432021
global_step = 199
loss = 0.3465666896767087
rep_loss = 0.0
